Current num: 0, count number: 0
Current num: 1000, count number: 71
Current num: 2000, count number: 95
Current num: 3000, count number: 110
Current num: 4000, count number: 121
Current num: 5000, count number: 138
Current num: 6000, count number: 150
Current num: 7000, count number: 157
Current num: 8000, count number: 172
Current num: 9000, count number: 188
Current num: 10000, count number: 202
Current num: 11000, count number: 211
Current num: 12000, count number: 218
Current num: 13000, count number: 233
Current num: 14000, count number: 237
Current num: 15000, count number: 242
Current num: 16000, count number: 251
Current num: 17000, count number: 258
Current num: 18000, count number: 265
Current num: 19000, count number: 272
Current num: 20000, count number: 279
Current num: 21000, count number: 284
Current num: 22000, count number: 291
Current num: 23000, count number: 292
Current num: 24000, count number: 295
Current num: 25000, count number: 302
Current num: 26000, count number: 309
Current num: 27000, count number: 311
Current num: 28000, count number: 315
Current num: 29000, count number: 320
Current num: 30000, count number: 323
Current num: 31000, count number: 328
Current num: 32000, count number: 331
Current num: 33000, count number: 334
Current num: 34000, count number: 339
Current num: 35000, count number: 344
Current num: 36000, count number: 348
Current num: 37000, count number: 352
Current num: 38000, count number: 355
Current num: 39000, count number: 358
The count number: 360
-99309991742 99310001686
-99144254829 99144249251
-99106257875 99106252531
-98922639424 98922636176
-98667547210 98667556246
-98374340713 98374349947
-98283659081 98283650422
-97773657184 97773659936
-97616389609 97616382822
-97189464320 97189468678
-97173372620 97173371223
-97093612357 97093610197
-95818649002 95818640218
-95818649002 95818642203
-94724246510 94724251290
-94705306095 94705296190
-94612451523 94612457686
-94521607053 94521606224
-94140676325 94140672373
-94131788335 94131793256
-93723613392 93723605455
-93577785302 93577789990
-93368234441 93368233890
-93304887370 93304883811
-93229149105 93229141831
-91885113318 91885117428
-91186933407 91186931004
-91185393472 91185399884
-91012797220 91012793444
-90927708630 90927709130
-90722019602 90722024685
-90244682679 90244683306
-90065516765 90065521963
-89883663457 89883657518
-89831184218 89831191055
-89454031406 89454028687
-89031041708 89031048968
-88753970326 88753968156
-88746864704 88746867952
-88732158824 88732149729
-88666202883 88666193342
-88534542473 88534535857
-88534539978 88534535857
-88534531708 88534535857
-87827196451 87827191931
-87731617124 87731625477
-87156550853 87156548252
-87009697058 87009697670
-86888331677 86888338120
-86551580865 86551578119
-86417409158 86417401061
-85745383637 85745385319
-85077950167 85077944864
-84751696669 84751691855
-84369907853 84369900536
-83961707445 83961705383
-83458593379 83458592358
-83274388825 83274389952
-83136006815 83136009479
-82981185111 82981194908
-82857476906 82857474306
-82817089011 82817098142
-81892877223 81892874027
-81836527688 81836526662
-81690769972 81690773963
-81257532265 81257541830
-80104452707 80104453141
-79980354807 79980353331
-79965725197 79965728014
-79914888235 79914881124
-79111568411 79111572192
-78982237393 78982241981
-78722279864 78722285164
-78413573180 78413583156
-78259624039 78259632429
-78223982624 78223976616
-78110871340 78110867614
-78108670370 78108670139
-77584497585 77584491833
-77180693785 77180685511
-77139691606 77139689592
-77118740747 77118737371
-77007561983 77007567362
-76977899417 76977900039
-76947495200 76947501101
-76261720609 76261726555
-75923531959 75923539274
-75733612331 75733605800
-75042054463 75042049316
-74971360748 74971359054
-74278442680 74278435305
-74065129818 74065121898
-73503725539 73503730550
-73212596668 73212602429
-73207012814 73207006972
-73169118640 73169126691
-72514624453 72514623554
-72461802761 72461797871
-72375415211 72375408593
-72119718181 72119716820
-72016393440 72016391473
-71871362839 71871361060
-71770958184 71770952392
-71720420186 71720417594
-71698473042 71698464087
-70914873517 70914876322
-70378590077 70378580434
-70378590077 70378584132
-70289618873 70289625988
-70129799417 70129806433
-70090780054 70090788023
-70017818979 70017822890
-69951221729 69951211993
-69889158672 69889155313
-69498232282 69498241851
-69284043512 69284041365
-69147018149 69147016337
-69140490312 69140490941
-69130729995 69130739651
-69081185920 69081190127
-68913663411 68913663876
-68608560072 68608567990
-68182862447 68182867670
-68058892134 68058887907
-67850751607 67850747476
-67850052034 67850045438
-67674003222 67674008005
-66865219673 66865217616
-66754662806 66754667884
-66741096692 66741096154
-66587572238 66587572274
-65828640993 65828648590
-65528120264 65528117783
-64625008579 64624999097
-64444888769 64444889571
-64289970669 64289977089
-64171098850 64171096338
-63825367309 63825374731
-63621514818 63621524302
-62915712087 62915721414
-62818500719 62818503819
-62475876625 62475884698
-62442861959 62442851977
-62189902312 62189896713
-62066826860 62066817898
-60697516745 60697525062
-59479797805 59479806691
-59374132857 59374133197
-58961361716 58961362462
-58850599645 58850606593
-58766951913 58766952929
-58542343974 58542338413
-58528339780 58528343919
-58241706584 58241696594
-58229156641 58229155614
-57954304146 57954307434
-56393206396 56393201008
-55778687033 55778682515
-55763406953 55763411239
-55728484296 55728487661
-55535383163 55535390427
-55294824844 55294823252
-55294824844 55294826178
-55294820984 55294823252
-55294820984 55294826178
-55102123865 55102125230
-54903631851 54903624446
-54701580371 54701585379
-54326540122 54326541292
-54277207257 54277198686
-54229201645 54229207185
-54076884692 54076880803
-53894191894 53894186095
-51931561276 51931563058
-51271157949 51271153128
-50883544593 50883536539
-50841275489 50841270356
-50329248734 50329245290
-50161061688 50161064636
-49923779007 49923784821
-49789461028 49789458393
-49699857031 49699866257
-49605232002 49605229044
-49348942479 49348939218
-49000589650 49000598474
-48933067381 48933076248
-48682714871 48682711821
-48527195082 48527190467
-48527195082 48527192467
-48527187743 48527190467
-48527187743 48527192467
-48527182735 48527190467
-48527182735 48527192467
-48255339131 48255335788
-47634216644 47634217057
-47236600585 47236600693
-46634290749 46634300046
-46219488548 46219496654
-46045570033 46045569961
-45974357881 45974348496
-45746694534 45746703701
-45715452797 45715445523
-45567714116 45567712956
-45191503304 45191503008
-44835197138 44835204925
-44671676730 44671679046
-44078180769 44078188560
-44065877832 44065880959
-44065787179 44065794099
-44048131592 44048125746
-43551445523 43551454394
-43551445523 43551455419
-43430842552 43430850308
-43210025225 43210026542
-43207286070 43207286650
-43197768940 43197774051
-43100049322 43100045772
-42985868159 42985867639
-42883432928 42883438778
-42729502846 42729498449
-42631543753 42631536922
-41718174088 41718172830
-41559017406 41559022865
-41508525944 41508521779
-41508516373 41508521779
-41448372040 41448381937
-41175638669 41175644935
-40689449691 40689450378
-40111490894 40111493116
-40082495684 40082496061
-39858299939 39858308289
-39726856229 39726854865
-39180856961 39180848945
-38866328530 38866338317
-38249746841 38249743108
-38224747178 38224745277
-37559766707 37559769131
-37262246454 37262245700
-37240852824 37240861250
-37024771132 37024778330
-36632848663 36632843966
-36423288870 36423287927
-36421197729 36421205171
-36183186246 36183176811
-36175798615 36175791902
-35939493391 35939500602
-35635024213 35635033311
-35447931616 35447924469
-35329217885 35329214847
-35110812877 35110809999
-35042023174 35042018040
-34278579237 34278577188
-34278571756 34278577188
-34045114436 34045123171
-33933091462 33933091061
-33858513796 33858510022
-33779276501 33779286072
-33507364508 33507355558
-33507364508 33507356131
-33455959557 33455959052
-32925929479 32925932179
-32763750236 32763755731
-32756732136 32756731430
-32477526166 32477516321
-32152330441 32152326044
-30954368734 30954363260
-30887256186 30887248586
-30724886060 30724892355
-30563106721 30563111075
-29733004157 29733007231
-29631919939 29631915833
-29552113729 29552114313
-29303447595 29303446454
-28741412904 28741412725
-28741339137 28741331256
-28299879192 28299870192
-28130308589 28130317990
-27971639417 27971637976
-27773880669 27773876519
-27339554055 27339557009
-27328970089 27328979622
-27203631900 27203639679
-26591516966 26591508426
-26342766889 26342772750
-25767383006 25767383066
-25466981769 25466986151
-24899947720 24899941202
-24497023839 24497014194
-24189408174 24189406274
-24162631064 24162625115
-24112362870 24112355465
-24063084126 24063088810
-23746220018 23746211698
-22998442641 22998436617
-22681899416 22681903391
-22593036152 22593028617
-20244993686 20244991775
-19915106003 19915111676
-19722301864 19722307558
-19217648464 19217640466
-18581026536 18581022152
-18370002416 18370011946
-17624293275 17624286646
-17616445673 17616453986
-17421918586 17421922677
-16662370824 16662363616
-16040343546 16040337925
-15800444013 15800450258
-15710239551 15710244895
-15435539343 15435533589
-15093741323 15093741918
-14742610619 14742615651
-14107985127 14107989207
-13979353144 13979353165
-13684961551 13684960682
-13624780820 13624780581
-13559392026 13559385820
-13306407097 13306401347
-13050035880 13050037874
-12673548679 12673554913
-12528790442 12528784515
-12300635567 12300629608
-11963367716 11963361410
-11941274959 11941277225
-11827133785 11827125155
-11430701544 11430695193
-10384856195 10384848571
-10384840771 10384848571
-10098295736 10098305682
-10065302645 10065310619
-9758231092 9758230066
-9115982090 9115991256
-8707710668 8707704297
-8586918159 8586922345
-8542828051 8542836498
-8500768362 8500774728
-8430176157 8430168400
-8312570634 8312577661
-7712461099 7712454498
-7400099380 7400092726
-6865616784 6865619184
-6229788254 6229780984
-6229788254 6229793755
-6203963721 6203969221
-5789247161 5789239358
-5448671133 5448664643
-4942488520 4942482920
-4675622928 4675618993
-4370916732 4370908397
-3798037820 3798043206
-3791689867 3791689554
-3048466445 3048472543
-2755209808 2755209247
-2661149075 2661141401
-2127391807 2127393050
-1702741347 1702750867
-992811858 992817269
-919662709 919653774
-650735130 650735066
-412645942 412643056
Distinct value: 356
map size: 360
